1
1
8
2
2
3
3
3
4
4
1
1
5
2
11
6
3
11
7
1
10
8
2
4
9
3
3
10
1
16
11
2
19
12
3
7
13
1
2
14
2
11
15
3
11
16
1
1
17
2
3
18
3
19
19
1
17
20
2
12
21
3
8
22
1
12
23
2
1
24
3
2
25
1
17
26
2
16
27
3
10
28
1
10
29
2
20
30
3
16
31
1
4
32
2
8
33
3
17
34
1
19
35
2
19
36
3
5
37
1
1
38
2
10
39
3
16
40
1
0
41
2
7
42
3
12
43
1
11
44
2
0
45
3
1
46
1
11
47
2
10
48
3
8
49
1
9
50
2
16
51
3
11
52
1
5
53
2
12
54
3
8
55
1
16
56
2
3
57
3
14
58
1
4
59
2
7
60
3
8
61
1
16
62
2
5
63
3
7
64
1
2
65
2
6
66
3
18
67
1
1
68
2
6
69
3
17
70
1
10
71
2
17
72
3
16
73
1
18
74
2
12
75
3
5
76
1
16
77
2
7
78
3
9
79
1
1
80
2
0
81
3
10
82
1
16
83
2
15
84
3
19
85
1
5
86
2
11
87
3
6
88
1
14
89
2
4
90
3
15
91
1
8
92
2
3
93
3
13
94
1
13
95
2
8
96
3
4
97
1
19
98
2
9
99
3
13
100
1
11
1
57
9
2
65
1
3
59
9
4
45
3
5
44
4
6
40
7
7
61
19
8
40
10
9
98
6
10
9
19
11
21
18
12
5
14
13
91
8
14
29
14
15
47
8
16
52
17
17
59
18
18
68
5
19
13
12
20
24
5
21
1
2
22
90
9
23
64
16
24
25
10
25
42
7
26
37
7
27
9
3
28
74
3
29
41
15
30
3
11
31
41
14
32
76
3
33
27
11
34
72
11
35
37
17
36
51
1
37
4
5
38
79
11
39
72
17
40
26
8
41
2
13
42
22
19
43
55
11
44
91
15
45
71
18
46
95
2
47
7
4
48
58
15
49
8
8
50
66
10
51
72
7
52
89
19
53
25
14
54
94
8
55
72
11
56
88
2
57
92
3
58
74
4
59
4
19
60
51
2
61
53
11
62
24
19
63
41
0
64
46
4
65
40
2
66
95
17
67
52
3
68
68
12
69
81
10
70
22
10
71
99
9
72
91
4
73
63
19
74
89
19
75
76
1
76
13
1
77
7
9
78
1
12
79
76
11
80
38
10
81
22
16
82
89
15
83
50
1
84
8
7
85
22
19
86
54
11
87
10
4
88
46
9
89
49
8
90
93
12
91
85
5
92
42
1
93
18
6
94
26
8
95
85
9
96
35
9
97
92
18
98
72
10
99
79
5
100
87
17
1
68
15
2
78
18
3
50
1
4
89
3
5
16
4
6
74
7
7
24
15
8
10
14
9
67
10
10
88
14
11
75
15
12
78
9
13
32
18
14
86
7
15
34
14
16
99
5
17
46
13
18
13
8
19
2
7
20
0
3
21
46
9
22
68
1
23
63
10
24
34
19
25
18
4
26
77
10
27
93
16
28
64
13
29
54
15
30
61
20
31
76
6
32
82
0
33
22
1
34
51
19
35
93
18
36
52
14
37
41
16
38
26
5
39
17
15
40
92
7
41
71
14
42
57
7
43
85
2
44
48
7
45
44
3
46
55
9
47
16
12
48
5
3
49
51
17
50
50
8
51
1
6
52
5
8
53
44
17
54
79
18
55
79
10
56
58
4
57
59
6
58
31
3
59
52
20
60
11
11
61
59
1
62
14
14
63
47
15
64
89
12
65
37
7
66
60
16
67
16
5
68
83
2
69
24
7
70
89
10
71
60
14
72
68
8
73
82
18
74
79
2
75
24
1
76
10
15
77
75
19
78
34
16
79
2
5
80
76
8
81
39
16
82
3
6
83
93
10
84
87
20
85
38
18
86
49
19
87
70
6
88
8
20
89
20
4
90
78
8
91
20
11
92
87
14
93
11
12
94
23
1
95
42
11
96
8
10
97
43
13
98
29
11
99
21
3
100
81
4
1
52
0
2
18
4
3
12
16
4
40
14
5
45
6
6
33
8
7
14
18
8
76
15
9
42
14
10
63
3
11
69
6
12
35
6
13
81
19
14
57
16
15
100
11
16
28
5
17
77
9
18
88
15
19
83
6
20
88
1
21
63
1
22
59
4
23
89
14
24
55
1
25
79
9
26
4
4
27
93
15
28
34
14
29
99
6
30
25
15
31
96
20
32
89
12
33
73
15
34
95
16
35
14
1
36
33
17
37
66
7
38
52
19
39
17
1
40
38
1
41
34
2
42
73
7
43
98
4
44
81
14
45
69
3
46
88
19
47
57
6
48
96
10
49
81
3
50
11
11
51
47
1
52
55
13
53
7
5
54
61
15
55
93
18
56
62
18
57
71
12
58
87
3
59
67
9
60
10
8
61
64
19
62
38
3
63
100
10
64
65
8
65
15
11
66
76
6
67
46
7
68
31
11
69
53
2
70
87
16
71
21
10
72
54
7
73
8
4
74
8
7
75
74
2
76
18
7
77
35
19
78
75
10
79
34
15
80
41
5
81
20
10
82
79
18
83
11
16
84
40
8
85
81
13
86
80
13
87
96
1
88
60
10
89
95
12
90
27
11
91
1
15
92
66
13
93
41
6
94
29
15
95
45
2
96
22
2
97
79
19
98
88
4
99
85
20
100
21
9
1
82
8
2
85
9
3
74
7
4
15
13
5
17
4
6
47
18
7
88
5
8
50
17
9
84
1
10
56
13
11
84
3
12
12
6
13
85
2
14
13
12
15
31
7
16
99
3
17
31
10
18
13
7
19
54
14
20
95
18
21
29
8
22
28
5
23
77
15
24
81
7
25
1
4
26
77
12
27
88
15
28
0
11
29
60
19
30
64
12
31
50
18
32
40
10
33
58
14
34
56
15
35
46
13
36
63
17
37
56
3
38
11
1
39
90
10
40
12
13
41
90
15
42
97
5
43
56
6
44
86
6
45
27
17
46
2
19
47
86
5
48
26
15
49
81
6
50
87
10
51
28
7
52
9
5
53
36
3
54
70
9
55
45
3
56
63
13
57
23
7
58
62
15
59
56
13
60
46
0
61
95
2
62
33
15
63
13
17
64
64
19
65
98
15
66
6
4
67
9
15
68
98
18
69
92
13
70
3
6
71
10
5
72
19
12
73
90
0
74
32
1
75
91
15
76
14
8
77
19
1
78
54
5
79
57
5
80
17
3
81
28
9
82
34
1
83
62
19
84
91
15
85
32
19
86
61
3
87
78
1
88
99
8
89
42
6
90
38
4
91
24
8
92
93
9
93
80
10
94
77
14
95
22
15
96
69
7
97
9
8
98
90
4
99
34
9
100
29
10
1
44
6
2
61
16
3
88
10
4
54
12
5
22
14
6
94
9
7
39
16
8
60
4
9
100
4
10
36
6
11
41
4
12
58
11
13
28
6
14
97
12
15
70
20
16
91
0
17
66
9
18
93
14
19
62
7
20
37
18
21
76
8
22
33
9
23
58
13
24
11
1
25
69
12
26
8
1
27
88
9
28
53
12
29
20
10
30
27
2
31
16
5
32
79
5
33
75
12
34
8
10
35
56
16
36
50
2
37
6
15
38
55
4
39
55
17
40
15
5
41
78
8
42
91
10
43
92
15
44
40
11
45
88
15
46
38
8
47
73
4
48
23
18
49
7
7
50
87
9
51
30
13
52
9
3
53
14
9
54
100
14
55
59
9
56
61
15
57
49
5
58
42
12
59
67
2
60
30
7
61
38
19
62
93
19
63
81
15
64
97
6
65
4
11
66
63
4
67
40
5
68
14
4
69
57
4
70
47
10
71
58
12
72
25
10
73
20
11
74
69
13
75
74
2
76
57
14
77
44
10
78
26
9
79
73
10
80
92
1
81
69
5
82
6
20
83
42
2
84
95
9
85
49
9
86
41
7
87
43
13
88
24
9
89
93
5
90
28
16
91
40
18
92
52
8
93
69
17
94
24
6
95
12
9
96
83
13
97
16
8
98
15
11
99
10
2
100
22
17
1
87
13
2
78
1
3
38
19
4
67
10
5
29
17
6
84
5
7
87
9
8
37
5
9
53
15
10
60
13
11
49
3
12
64
4
13
86
2
14
5
9
15
55
6
16
44
14
17
54
8
18
49
17
19
69
8
20
56
13
21
51
9
22
72
8
23
10
7
24
47
6
25
81
13
26
74
2
27
31
14
28
66
7
29
90
8
30
53
12
31
90
9
32
98
2
33
30
0
34
78
2
35
23
19
36
31
19
37
53
13
38
4
1
39
99
4
40
96
20
41
60
16
42
98
18
43
83
7
44
33
7
45
64
8
46
80
11
47
94
15
48
30
15
49
62
12
50
91
10
51
48
9
52
6
6
53
37
6
54
38
4
55
52
13
56
16
16
57
99
1
58
66
7
59
94
11
60
97
9
61
60
1
62
23
13
63
40
5
64
69
19
65
59
7
66
9
2
67
57
9
68
4
12
69
98
17
70
75
9
71
65
17
72
7
19
73
75
16
74
78
17
75
88
16
76
71
18
77
88
10
78
22
19
79
93
1
80
11
1
81
34
8
82
54
16
83
71
8
84
55
19
85
32
4
86
21
15
87
41
11
88
15
6
89
1
11
90
76
7
91
52
9
92
95
13
93
81
0
94
33
18
95
55
12
96
93
0
97
41
5
98
69
1
99
23
3
100
17
4
1
15
15
2
39
4
3
63
17
4
94
17
5
95
15
6
6
7
7
95
4
8
95
7
9
54
7
10
81
17
11
66
4
12
60
2
13
64
11
14
38
7
15
43
8
16
86
4
17
92
11
18
37
9
19
53
10
20
62
13
21
46
6
22
50
17
23
48
2
24
62
9
25
46
12
26
58
3
27
74
12
28
96
4
29
12
4
30
55
4
31
35
18
32
100
3
33
46
13
34
58
3
35
96
1
36
2
5
37
79
8
38
82
20
39
34
6
40
88
17
41
72
18
42
24
17
43
41
13
44
43
19
45
55
9
46
69
7
47
39
12
48
80
11
49
69
11
50
58
4
51
98
9
52
81
8
53
29
9
54
95
20
55
8
12
56
61
4
57
16
14
58
39
3
59
83
19
60
76
14
61
77
6
62
88
2
63
14
2
64
2
10
65
92
17
66
83
11
67
60
1
68
33
11
69
60
1
70
58
10
71
20
18
72
47
11
73
82
1
74
86
14
75
95
2
76
92
10
77
62
11
78
14
9
79
63
4
80
65
17
81
62
18
82
38
13
83
74
12
84
0
20
85
42
17
86
88
10
87
34
11
88
88
4
89
6
18
90
25
5
91
50
14
92
1
12
93
49
0
94
41
19
95
26
5
96
77
16
97
4
20
98
25
8
99
18
6
100
91
2
